0	0	0.16919537262581605	0.05115402023239637	4.0830979810366496E-7	3.357749060873975E-7	5.328256361319198E-7	0.011498394962024967	3.8993608681170754E-7	6.335535220967685E-7	0.14693201521831453	0.28872509771797766	6.063687498137723E-7	0.017223038839191438	3.949898197123151E-7	0.3152682262451889	5.324005713367778E-7
1	1	0.20814752275455328	0.0011236099729365814	0.27610753064054394	9.064540613257809E-7	1.438409938009358E-6	0.11854464981149912	7.74306554444218E-5	1.7103337764686613E-6	0.14616162965402993	1.5691630898405493E-6	1.6369460789504777E-6	0.04135233232278243	1.0663099587536575E-6	0.20254350553655873	0.005933461034748291
2	2	0.029352348396911077	0.0038748242431411056	9.210909523876068E-7	7.574621757114383E-7	1.2019816201341293E-6	0.7143221613664265	8.796423775275266E-7	1.4292099277727256E-6	0.07220579213158088	1.3112431603409495E-6	1.3678848067276803E-6	4.733743207416935E-4	8.910429064204222E-7	0.1797615389605397	1.2010227322044197E-6
3	3	0.5370636916363835	1.893596811244654E-6	6.139924146437874E-7	5.049186826348207E-7	0.18559427709084927	0.0021589388180952413	5.863631012780265E-7	9.527007645785401E-7	0.0892156933893827	8.740649901249892E-7	9.118218925722881E-7	4.6099051081855366E-5	5.939626094970796E-7	0.18591356800007283	8.005928681383413E-7
4	4	0.39911169748166314	0.008170198022095865	0.002754577277482163	4.759872405968439E-7	0.2442376387284868	0.009575306798605337	0.0033160460642514514	8.981117626305275E-7	0.0854004902519542	0.001163920421427373	8.595752177290186E-7	0.038786601085027225	5.599290207225114E-7	0.20747997554623618	7.54719528614254E-7
5	5	0.41526009289539967	0.009322392359148427	0.009801991961089527	5.035618414513323E-7	0.00367808436154803	0.00211070700156929	1.703056465957844E-4	4.2525228861475285E-4	0.06469172252046676	0.19370894567961897	9.093716019841237E-7	0.013637787312237458	5.923664852938468E-7	0.2871899142323052	7.984414774054242E-7
6	6	0.3895527439793455	9.114798763557361E-6	2.955442926707448E-6	2.4304182161945263E-6	3.856718023393287E-6	0.01639911816948762	2.8224496570691E-6	7.284830788447264E-5	0.023617802678673673	4.2072982188977165E-6	4.389040480871737E-6	1.7109571751977538E-5	0.4168819318105008	0.15342481567476549	3.853641303833705E-6
7	7	0.2882140677869586	0.03579836995401889	6.962295378601213E-7	0.007494301114985544	0.0027989960389256975	0.23925635863841127	1.6745862193189073E-5	0.028062360028691145	0.11374040778296739	9.911358017142405E-7	1.0339498009021028E-6	0.04641368863693554	1.6754479566904328E-5	0.23818432053825947	9.078229458607308E-7
8	8	0.3488969913267482	0.003978837425202942	1.117633689039968E-6	9.190897419567419E-7	1.4584609139700188E-6	4.7075152398693456E-4	0.19471776222715173	0.0029187415360367405	0.11391778612910113	1.591036723052714E-6	1.659764585421142E-6	0.044432750421797736	1.0811739796315804E-6	0.29065709495292347	1.4572974181703055E-6
9	9	0.4137528622995897	2.9374502560953503E-6	9.524583928985995E-7	7.832572936358593E-7	2.324204997473842E-5	5.194631445010663E-6	9.095983008557495E-7	1.477881187946244E-6	0.14484197746968994	1.3558971021919954E-6	2.3413602938178186E-5	9.07478493227236E-4	9.213870708999828E-7	0.15790035723131407	0.28253613629221663
10	10	0.24404580943100593	0.0148725031701667	0.008137591138867549	6.325402597205637E-7	1.0037488214706968E-6	6.615365744945639E-4	7.345703003848007E-7	1.1935022604388988E-6	0.23001596528589668	7.215893797946176E-5	1.1422909798798475E-6	0.022052042556917034	7.440906351791959E-7	0.22013072235188608	0.26000621980952904
11	11	0.24046036866303558	0.0014906879289899287	0.34176544826264166	4.650207570015685E-7	7.379198867214195E-7	0.0079963621671895	5.400295584453603E-7	8.774197627793096E-7	0.17228629398236942	8.049976706258253E-7	0.001215504581687054	0.0723346039715333	5.470285647931204E-7	0.1624329597832044	1.379824314880383E-5
12	12	0.3541144751617087	0.03434049448967559	1.6778293203309691E-6	1.3797684627734049E-6	2.1894906247122724E-6	1.6416347724444223E-4	1.6023279444832226E-6	2.6034023192924483E-6	0.005618631596315964	2.3885178926148885E-6	1.1875124281399629E-4	9.713244970612844E-6	0.0010867122126226767	0.6045330294941382	2.187743945647401E-6
13	13	0.6180845550781139	1.6062949565308685E-4	0.13413433636127087	5.643695311355694E-7	8.95571851824187E-7	0.00846833396010658	1.650669752274628E-5	1.0648750032617815E-6	0.036188267068242665	9.769803844149478E-7	4.607067097608837E-4	0.00574214146713991	6.638977937688392E-7	0.19673946261022102	8.948574040951061E-7
14	14	0.3019235551235558	0.005661818198346298	4.606549066450315E-7	3.7882107834738716E-7	6.011336118074554E-7	0.04644543551631417	4.39925694906227E-7	7.147747615452047E-7	0.01209734447536876	0.0016817512771014527	0.0016073006901085863	0.23761168390080858	4.456273137954882E-7	0.39296746922697545	6.006540539216697E-7
15	15	0.2675035984480552	2.0343572605427075E-6	0.0013566366217681693	5.424517943324175E-7	0.007451116378737374	0.006067404794019456	6.29950380839109E-7	1.023519740863428E-6	0.3107622734645906	0.022458355675438094	9.796021394105333E-7	0.047082120909175705	0.004266633134011617	0.15294462229468705	0.18010202839820075
16	16	0.27365031986156363	0.26789962011640334	4.801391294905423E-7	3.9484399312073363E-7	0.004680554315497392	0.00203206598455063	4.585331386811051E-7	5.108793125796303E-4	0.1878290672278126	1.1773390837459302E-5	7.130403557250316E-7	0.1143837627224234	1.7790249509744104E-4	0.1488213819568265	6.260597909947961E-7
17	17	0.31961408981274336	0.0034959805848524604	3.568673469180213E-7	2.934710370742429E-7	4.6569558707486334E-7	0.013396238702981168	3.4080851699953425E-7	0.21376521743126423	0.16623746967962108	5.080278625930538E-7	5.29973093971893E-7	6.779625669295934E-4	1.1574220601662789E-4	0.28175467772130275	9.401264508441869E-4
18	18	0.12290982540618622	0.0034843199863789694	6.915697936158396E-7	5.687146955148101E-7	9.024669917899594E-7	0.02314913488122543	6.604495418238169E-7	0.4048452608962881	0.16038802256047047	9.845023006974147E-7	1.0270297531712382E-6	0.011488831829942278	6.690092409427084E-7	0.27372819895014755	9.017470434222863E-7
19	19	0.3343722373129759	1.2621254067901464E-6	4.0923992979740617E-7	3.3653980294651124E-7	0.18515222982027696	2.231961651794573E-6	3.9082436310231205E-7	6.349967600825343E-7	0.09961767159508501	5.825842252540611E-7	6.077500607568734E-7	0.02851051264037027	3.958896084308956E-7	0.35233051080388594	9.985915597076943E-6
20	20	0.2983177716001934	0.0011535189102741	6.50584419630589E-4	6.609940618632708E-7	0.4470129961900727	0.0047756301557146915	7.676137591462897E-7	0.011121778647223524	0.06111623230090077	0.0015791829347404365	1.1936750950115212E-6	0.003142165456629408	7.775623508277513E-7	0.1711256914752791	1.0480640744922872E-6
21	21	0.41993748320454827	0.020930210346135205	7.214034066574261E-7	5.932484653724297E-7	9.413984940973349E-7	0.1290209660197754	6.889406590561725E-7	0.0015340609769699414	0.013596276264343498	7.008481434355154E-4	0.0999088746584954	7.206599089950778E-4	6.978696148337887E-7	0.3132128143396846	4.341632769770497E-4
22	22	0.2148640198455445	0.008854889158086684	0.002856419827759369	6.354529374336552E-7	0.012012573996842916	0.0421250091457842	7.379527989842967E-7	0.04051569226857291	0.1878120733140106	0.17813993586260418	0.0013575799247384731	0.04405282999923137	7.475169723590047E-7	0.2674058481677351	1.0075663809708667E-6
23	23	0.2068068695360552	2.0787928763981986E-6	0.0039862058052175745	0.204196783251035	8.795935227183748E-7	0.0016072299642634026	6.437101238665059E-7	1.0458760550210436E-6	0.16018389326465782	1.6528033057999804E-5	2.656652178563059E-4	0.001093695985452461	6.520528732079106E-7	0.4218369500251313	8.788918217956176E-7
24	24	0.09480636177969157	8.84460353524659E-5	7.459385141782246E-7	6.134249917793437E-7	9.734156887202654E-7	4.692540279041789E-4	7.123717005364352E-7	1.1574348083737609E-6	0.215191219344264	1.0619003174612528E-6	1.1077711247217139E-6	4.318367448602466E-6	7.216043322989865E-7	0.12819435407561328	0.5612389525082478
25	25	0.2905563728813427	0.004690507445198462	0.00719736140149961	0.1817376095733581	1.2433797029592162E-6	0.00957840065820287	4.492467002205882E-5	1.4784341005664572E-6	0.20618668000487492	1.3564043774896491E-6	1.4149968486886645E-6	0.04052107627960269	3.9705431454290993E-4	0.23315860036360478	0.025925919192721313
26	26	0.6070483002095987	1.3681427525021304E-6	4.4361569854674215E-7	3.6480882949717915E-7	0.1749251854423553	7.811372335365669E-4	4.140880004199572E-5	6.88335889995837E-7	0.06506376721910326	6.315207515951219E-7	6.588004935832002E-7	2.56816822818668E-6	4.2914396275654205E-7	0.1521324701223535	5.784364040666144E-7
27	27	0.2506227533448845	0.001941117165011851	1.118557679407191E-6	5.259098165775093E-5	0.018112191456960136	6.100523590142113E-6	1.0682232128813311E-6	9.31815986239801E-4	0.1173189187570886	0.00873401367180125	1.661136776062697E-6	0.3313476099186573	1.082067827367443E-6	0.2709006641403569	2.729406825612562E-5
28	28	0.22293190949740818	1.9404047200566333E-6	6.291697220754591E-7	5.173997913449166E-7	8.210377486819134E-7	1.9234832089081585E-4	6.00857438410592E-7	1.5508318300161888E-5	0.07337219225935442	8.956710438057735E-7	9.343612609039427E-7	0.5621330843893	6.086447992314352E-7	0.140751374510561	5.966351576609885E-4
29	29	0.49097160489757885	2.9841261222053564E-6	4.7029029080661696E-4	7.957031937805754E-7	1.2626645193312379E-6	0.004698504152959244	3.5850325016597293E-4	1.5013646101120954E-6	0.08481298169587975	1.377442206307217E-6	1.4369434466015992E-6	0.04119425548057047	9.360278429326589E-7	0.2564864430389425	0.12099712292115533
30	30	0.30309048565875774	0.0077019497272001105	4.910861508493899E-4	6.465422559062893E-7	0.23007881309697487	0.010336905200429534	5.522860206960521E-5	1.2199217868508664E-6	0.15157504706055205	5.640561989279128E-4	8.728119164440147E-4	0.006305813709905054	7.605619254654709E-7	0.2871082247950418	0.0018169508568797626
31	31	0.3438869322374081	0.010509260420483137	0.0018682749708933682	5.076037566542716E-7	8.054928752533594E-7	4.4533127527872536E-4	0.24551916567915663	9.577670696277654E-7	0.2238193167507068	8.420375305945092E-4	9.166708105432699E-7	0.017853248656204482	5.97121204387971E-7	0.15525184297326924	8.048502885593455E-7
32	32	0.5579324262865113	2.118133393140617E-6	0.17067191116678104	5.647903060242346E-7	1.4366424953510192E-4	0.006697979095727738	6.558921402630176E-7	1.065668938150574E-6	0.01794094254288071	3.27039332269533E-5	1.0199427817923731E-6	0.003398682005680585	6.64392773573465E-7	0.2431747063747441	8.9552457959592E-7
33	33	0.2829051517058867	3.053598469216503E-6	9.901190614249387E-7	8.142276683276996E-7	1.2920601494263945E-6	0.03746480859137569	9.455642604777744E-7	1.5363173295725181E-6	0.21263554350415992	1.4095099336838516E-6	1.4703964005551418E-6	0.008032748091350843	9.57819164228508E-7	0.2712621717964865	0.1876871066983036
34	34	0.4629469438358436	0.0016293344755262185	0.004589115820269926	0.009363405375596065	6.172636106401585E-7	0.011135501260028088	1.1377070071911511E-5	7.339540518775221E-7	0.12310656776022644	0.0021857413758727883	0.07962458046416734	0.0044275010733377425	4.5758466888286963E-7	0.30097750591554356	6.167711849526295E-7
35	35	0.32390662071445175	3.850322995743742E-4	2.6108284907285472E-5	4.549315451958026E-7	7.219097841169156E-7	0.012039458870058856	0.10077697828814831	8.583830344269546E-7	0.2067787221908428	7.875322309012395E-7	0.10868656815815377	0.023437209109528387	5.35160090169345E-7	0.2239592228337733	7.213338763270347E-7
36	36	0.1452278855555806	0.033004812415405316	1.4002397249711478E-5	4.778526463878412E-7	7.582822172620929E-7	4.594939640751136E-4	5.549312578963058E-7	9.016314848837397E-7	0.11656394373987218	0.0012758523963267692	8.629439143078152E-7	0.5095034280422668	5.621233964299222E-7	0.19394570604701322	7.576772931490564E-7
37	37	0.32117799508543454	0.0023748485543589296	0.03439129127308836	8.278781732564368E-7	0.011464741906405545	0.02832690137081282	9.614166198364282E-7	0.0018617532598393005	0.22968675876367042	0.08856978599285242	1.4950475566061262E-6	0.04748720809485856	9.738769767184637E-7	0.2346531448058788	1.3126734739499876E-6
38	38	0.34390665133606796	0.0036410225861506986	6.732869095550871E-7	5.53679705644331E-7	0.004386275215839272	0.0028806166353574354	6.429893772639844E-7	1.04470501298618E-6	0.20032841656061587	0.18474745384136296	9.998783852579607E-7	0.03712425841771899	3.175342638242486E-5	0.21831454609741374	0.004635091343699974
39	39	0.1786110477563661	1.5659656651225159E-6	0.34438796849582054	4.1755737862977657E-7	6.626024513936661E-7	0.05193356022379588	4.849102398374871E-7	1.2515684862452763E-5	0.22751954996904267	7.228337920160026E-7	7.540579747473767E-7	0.008634615688194725	4.911948770275082E-7	0.18889498098568255	6.620738563784058E-7
40	40	0.1495542037794467	0.0015151963420835669	4.280189539801371E-5	1.0962794288815519E-5	4.981351070975027E-4	0.08134450972324041	4.3769498864517805E-7	9.322698291712028E-4	0.1442114766027388	2.1237033369002817E-4	1.1266530140312798E-5	0.4609971685546432	4.4336769665903085E-7	0.16062581626071665	4.29411846595574E-5
41	41	0.17124797348929932	1.551089317969652E-5	0.3971169747293011	4.871966211024181E-7	7.73109737666489E-7	0.030805373597746624	5.657824348884343E-7	9.192620700867403E-7	0.19313237576619183	8.4338632032913E-7	5.482301950190147E-4	5.8164787154373076E-5	5.731152091621892E-7	0.20697467588075164	9.655880896328123E-5
42	42	0.0865507486645401	1.9722468970658044E-6	5.972165414639946E-5	8.914912991591366E-5	8.345110354939439E-7	0.05723932996567535	6.107175509496858E-7	9.922709605416008E-7	0.1462281242424947	9.103690682045288E-7	9.496941944681052E-7	1.0709592373037682E-4	6.186327029056094E-7	0.1058245832446843	0.6038943587324033
43	43	0.41426061593708824	3.14864689069979E-6	7.556074302941289E-4	8.395718828283122E-7	1.3322777087756263E-6	0.0010431245414054473	0.12354093225018385	1.5841378071321473E-6	0.21854675990865174	1.4533833163869928E-6	0.0035386403467003165	0.0022460890367166017	9.876329071105968E-7	0.23593964954417967	1.1923535426712934E-4
44	44	0.27820875310233056	4.050734735100204E-6	1.3134371510959938E-6	1.0801093633050333E-6	1.7139754882255855E-6	1.8918381386778444E-4	1.2543332179392347E-6	2.0379935455733147E-6	0.05178435931674567	1.8697778720418757E-6	1.950546489376278E-6	9.861393215469662E-5	3.1607328781376775E-5	0.5042442618428891	0.16542794975536831
45	45	0.24915908675236606	0.0027440522490019214	1.01426529023483E-6	8.340843990470238E-7	2.5901729637142843E-4	0.0071506759559615	9.686239225704255E-7	6.809481536572337E-4	0.5785220654245646	1.4438839304025533E-6	0.0027892838418897073	0.02924239636382852	9.811776890756874E-7	0.12944590941313827	1.3225139894168985E-6
46	46	0.30896632370903576	3.7067481906976393E-6	1.2019006678549396E-6	0.025429658479793255	1.5684254722552523E-6	0.009778271087746891	1.1478158137188389E-6	1.864928064098593E-6	0.22022408223690695	1.710997188767103E-6	1.7849069719911677E-6	0.005336984930467017	1.1626919812186414E-6	0.24639079581813236	0.18385973532356728
47	47	0.43440336439054456	2.893590928780419E-6	9.382371531273694E-7	7.715624103124403E-7	1.2243566289113864E-6	5.117069947465507E-6	8.96017008876573E-7	0.001280025006148794	0.060980924945214114	0.0332874759552989	1.3933481200131141E-6	0.019942442736738758	0.19947937214219208	0.25061193726177416	1.223379891186402E-6
48	48	0.4345110036347149	0.001058273342413779	6.098239691067908E-7	5.014907477304517E-7	0.0030432064844241086	0.07735943482188586	5.823822334459704E-7	0.03219979272312682	0.06459467549327322	0.11644350327329298	0.0017756452017909342	0.00384879944579163	5.899301479720667E-7	0.2651625867946109	7.951575766126657E-7
49	49	0.4202518127055316	1.0712194234464565E-6	3.4733930502496905E-7	2.8563562046975537E-7	4.5326192761742315E-7	2.596207134680088E-5	3.3170923163334884E-7	5.389487126766006E-7	0.13197918298031186	0.18261023828439252	8.538393522816259E-6	0.018116974411146382	8.056171072812489E-5	0.24692324842846383	4.529003352402114E-7
50	50	0.4915898714093985	2.4654694709086384E-6	0.21869291071081867	0.007090979149808583	1.0432068541761412E-6	0.007962507555914506	7.634467466799636E-7	1.2404196268348251E-6	0.19226930786362473	1.1380355817808758E-6	1.1871951968304514E-6	2.309236178333657E-5	1.9237720873748765E-5	0.08234321307967092	1.0423746297528193E-6
51	51	0.07464845178061251	0.31137376301188485	6.299203537830475E-7	0.23018665739571717	8.220172887736626E-7	0.05597499726867781	6.015742921134745E-7	9.774153366713195E-7	0.04152378466951459	8.967396252416881E-7	4.458369154665463E-5	0.060645567515246745	6.093709436546836E-7	0.22550953983635003	8.8117792609439E-5
52	52	0.40192123140988034	0.002822733734539513	5.3336151855345E-7	4.38611599904462E-7	0.00730596092012932	0.002897912710662039	5.093605501670557E-7	0.00662853841680266	0.10112784200778793	7.592807652484369E-7	0.0015406877175632265	0.23520058792133441	5.159620734877065E-7	0.24055105312762193	6.954571713089618E-7
53	53	0.3370258460071229	2.94079924354413E-4	0.19267743535543305	5.472291342758511E-7	8.683725504625904E-7	8.336025947298225E-4	4.924715414873348E-4	1.640241016605758E-5	0.24318195359927963	9.473086346318972E-7	8.463314286374165E-4	0.01308361713730508	6.437346364194468E-7	0.20435128354533952	0.007193969811189083
54	54	8.940861407646375E-4	0.16492226081765923	0.019275897269602393	6.636364167722418E-4	6.193463956865045E-5	0.18311574836029934	1.2452291557272544E-6	2.0232016069072905E-6	0.534327417286746	0.002290714169010262	1.9363892492325335E-6	0.004976779629093099	1.261367840414146E-6	0.08892126096633574	5.437981162962019E-4
55	55	0.4670285464343116	1.5719581669501175E-4	5.609115363539698E-7	0.19399602484713155	1.3687457695313927E-5	2.8970153913573783E-5	5.356708326599587E-7	8.703378686777034E-7	0.059595077433950774	7.985003149732086E-7	8.329930573175389E-7	3.2472141793148497E-6	0.015586001608029545	0.2635869192404778	7.313800056015919E-7
56	56	0.4825814890935666	0.01570202597369873	6.644522532019555E-7	5.46414496920307E-7	8.670798401995084E-7	9.570584423388337E-5	0.1547597407092203	0.015516843801632506	0.0807096215239382	9.458984154884632E-7	9.867582995956455E-7	0.02009306419771903	6.427763353184303E-7	0.23053598908822795	8.663881221408171E-7
57	57	0.47658009943955504	1.4984145257548162E-6	1.1707773186490456E-5	3.9954518506381827E-7	6.340197362445628E-7	2.649818902292944E-6	0.12468718713980029	7.538778349567916E-7	0.15738722224041896	6.916528745082515E-7	7.215301381044832E-7	0.0037958207522061772	4.7000617900315575E-7	0.2375295102755139	6.33513943258964E-7
58	58	0.1114587794721426	2.080120633668362E-6	6.744721384363327E-7	5.546543825150322E-7	0.016950209039829054	0.06683513156318395	6.441212715121156E-7	0.1877366737380658	0.25554828804199375	2.502149990223722E-4	2.814133296372541E-4	8.179677262064212E-5	6.524693494969928E-7	0.36085200775254533	8.794531836413914E-7
59	59	0.0955449936665149	0.03469462896053546	6.432664943623158E-7	4.510198385635203E-5	8.394333926170712E-7	0.39371674257823364	8.976030293973029E-5	9.981238634068137E-7	0.1390377959389601	0.0011152405273215944	0.04805064017384611	0.02769840939021638	7.491060093317468E-5	0.2599284562891625	8.387637296750656E-7
60	60	0.23405685463123527	0.0015026545542937476	6.985435880417492E-7	5.74449618309482E-7	9.115674749733072E-7	0.020655855503085834	6.671095194224394E-7	1.0838945148938168E-6	0.12418631776026968	0.09496813584038433	1.037386328073767E-6	5.687483646794204E-4	3.072295589319475E-4	0.5237483199958095	9.108402666414775E-7
61	61	0.2607386756023891	2.8472528317847336E-6	9.232121806013131E-7	7.592065747132627E-7	1.204749726061536E-6	5.035124956139694E-6	2.220529740657056E-5	4.407975983938852E-5	0.13043632106316883	1.3142628903464766E-6	1.371034979723745E-6	1.759336694925524E-4	0.46596483957314183	0.14260328640179254	1.2037886298589898E-6
62	62	0.2732649609420591	1.1734059416068868E-4	7.121712782214777E-7	5.85656394173148E-7	0.5098759256393863	0.0030634301876870597	6.801239712079351E-7	0.002797464344647869	0.0436394081791336	2.477514157962807E-4	1.0576244058654576E-6	0.0011555649497200777	6.889386590658588E-7	0.16583350062310745	9.286095929505316E-7
63	63	0.17396942578948602	1.689571591609983E-6	5.478379215078482E-7	4.505163175112198E-7	7.149034639391572E-7	0.0031663702844447307	1.90326130752951E-4	1.3503581888233088E-5	0.6307276511795934	7.798890279950092E-7	1.6530946368618674E-4	3.1715287552296576E-6	5.299662238157104E-7	0.18770968552546521	0.004049843831381671
64	64	0.3986623686973773	0.016013169098081113	5.523670480669156E-7	4.5424085964097457E-7	7.208137672215298E-7	0.0021081056468145714	5.275108415406261E-7	0.22770813778516066	0.08005713687750232	2.0491657477872288E-4	8.203038916289309E-7	0.027956282241337074	2.6050627374383977E-5	0.2406258042351289	0.006634952980036816
65	65	0.22847694689100037	0.029558187064002657	9.570693718880853E-7	7.87049147381119E-7	1.2489318141936322E-6	0.07644650922552498	0.001791470521493385	0.1423617811703797	0.09974029904725688	0.0027424613308540064	0.0036709568988815334	0.14181319587403346	9.258476294469807E-7	0.2728624898780409	5.317832005692478E-4
66	66	0.48021712740057465	3.055624962019948E-6	9.907761449193007E-7	8.147680231015397E-7	0.004234864107493231	0.009319260231117373	9.461917755844167E-7	0.005745463653972811	0.01979446339259202	0.023732293277263262	0.07480981850582252	0.0049716003598484475	0.02807983331958292	0.34908817650464646	1.2918861807180111E-6
67	67	0.017705643494056046	0.3406994386791782	6.774705073376154E-4	0.002333480355858719	0.002708471528788984	0.11308929170793017	4.998166973208508E-7	0.012125418883316662	0.23302678349728773	0.004328371409473805	0.0015480849853553723	0.05048394511854838	7.303634517583066E-5	0.22119938124455607	6.824264391455978E-7
68	68	0.3768961478649091	2.3611900460374975E-4	8.4252797828342E-7	0.002296978634319823	1.0994605274542738E-6	0.006562631583281859	8.046146930762748E-7	1.3073077613753672E-6	0.2949167509643258	0.15169228113743197	1.2512132680811532E-6	0.011058185356554506	8.150428321591686E-7	0.15621692641025606	1.1785887725672396E-4
69	69	0.4142168190436245	0.006103527492557116	1.300887382586942E-6	0.00435786654774246	1.69759861355787E-6	3.7141809320069785E-5	1.24234818195543E-6	2.018520708826962E-6	0.35256957221567964	0.012831867194903306	1.9319092010314265E-6	0.03660462383597862	0.0035167427307041866	0.16975195162105794	1.6962443442472873E-6
70	70	0.06476203435695545	0.49906927817476743	2.52587007321296E-7	5.31106825281821E-4	3.296145071210316E-7	9.348265729966048E-4	2.4122073404013724E-7	3.919263972295377E-7	0.020640803352400268	8.78704190821569E-5	3.75109459924669E-7	0.0047445499188337025	2.443470544838155E-7	0.4092273662229672	3.293515552030977E-7
71	71	0.42125210599308	0.009618046453989141	1.8913699100078283E-4	4.795195143830793E-7	0.012351040364858639	0.005700201155827411	5.568669951164233E-7	0.0017382941413156292	0.001562102076163769	8.300964769551217E-7	8.659540757107465E-7	0.07216564094595355	0.25014422819971754	0.22527571092077275	7.603202585908419E-7
72	72	0.4243143520042297	1.7801688272060584E-6	5.772137712734188E-7	1.3806703613165256E-5	7.532376060806149E-7	3.1480774689013743E-6	5.512394761759812E-7	8.956332164730153E-7	0.14070604479018034	8.217077886553553E-7	8.572030220384124E-7	0.0015498570670412436	5.583837676921687E-7	0.26455508437675085	0.16885091219324025
73	73	0.15775109762219464	0.005956342504902142	5.127728047922167E-4	1.523645385219169E-4	1.0712752893642213E-6	0.09755975132731845	7.83987980130409E-7	1.2737942521667603E-6	0.11211717698716542	1.168655470675463E-6	2.2875330463838873E-4	0.45774661269949796	6.454742882484658E-4	0.1656367407181156	0.0016886154916125411
74	74	0.17445292402719484	0.09773298239990677	3.3499034677055703E-6	0.002169211042920963	4.3714710115958965E-6	0.05541765106710695	3.1991596955565555E-6	0.2185077842430969	0.16039397728241125	0.0013974907106456464	4.9748421104352986E-6	0.002882210344921368	3.2406221278744415E-6	0.28702226489973737	4.367983644802695E-6
75	75	0.4945448633358165	0.011382939559640684	5.817588023852397E-7	0.19665108353852276	7.591686640778578E-7	1.660987322783926E-5	5.555799834437764E-7	9.026855098108366E-7	0.11391874872347055	4.113920056155754E-5	8.639527127045175E-7	0.004666009513767022	5.627805297286978E-7	0.17877362176575826	7.585630327966435E-7
76	76	0.4181007904951575	0.0066705177403400245	5.595486812176362E-7	4.601466992949256E-7	7.301854704472928E-7	0.00400949657088419	5.343693052383261E-7	0.16493715536783346	0.21809256992958356	1.3720575791334079E-5	8.309691216465509E-7	0.032300354320021735	5.412949523643429E-7	0.1558710088831973	7.296029606798116E-7
77	77	0.2302424294646672	0.0943672953810749	1.4970528293635145E-6	1.231106320548752E-6	0.008093146966577919	0.038216577993820104	0.17067720117645563	0.05947605202606463	0.06638876159854765	3.670891827358992E-5	2.223228677740067E-6	0.030056731006641246	1.4482156194056764E-6	0.3024367438373531	1.952027076930733E-6
78	78	0.3553374972043064	0.0017668101342476629	5.061386129169289E-7	0.04844539996816123	0.1443068572369554	2.760439273563385E-6	3.6288550938913213E-4	7.853495124828723E-7	0.0657115175399912	9.242614814524688E-4	0.054676714240198966	0.04568898139575844	0.006441895525554913	0.2763324678757223	6.599608629136115E-7
79	79	0.6253056767705565	2.8937163462912266E-6	9.3827781933458E-7	4.411480292429005E-5	1.2244096964542831E-6	5.117291737687842E-6	8.960558451273288E-7	1.4558779140386317E-6	0.05870804968279207	1.3357099751256256E-6	0.08003462526693857	5.431853049207305E-6	9.076690993463166E-7	0.2358644375788536	2.2895036452388498E-5
80	80	0.3091542561011224	2.8687240663420154E-6	4.38990371547335E-5	7.649317784117628E-7	1.2138347864616246E-6	2.6557526511132724E-5	8.883168424568521E-7	6.589659837041089E-5	0.07676355225118926	1.3241737934013599E-6	1.3813740031175451E-6	0.007825718005237488	0.4770841857004169	0.12902628055828494	1.2128664425985384E-6
81	81	0.34064303823755837	0.011800794486732298	1.7023040794533653E-6	8.003685841743368E-5	2.221429067431826E-6	0.00901321649939791	1.6257013532090728E-6	2.6413785567388185E-6	0.14260754413597432	0.14135236445266064	0.0016932227469140832	0.16074380741997343	8.028373417083548E-5	0.19189664399517856	8.085661996524319E-5
82	82	0.4738097769330638	1.8513012075733826E-6	6.002782070190549E-7	4.936407588655544E-7	7.833356412129295E-7	1.4192141080524934E-4	5.732660252838967E-7	9.31421126951011E-7	0.05342069036623168	8.545417705115381E-7	0.22911595421279835	0.007947979257479997	5.806957899831991E-7	0.235556226628363	7.827107305831092E-7
83	83	0.49188631469143734	4.7822603963404785E-5	9.704557579612926E-7	0.03129189273682357	1.2664004365683351E-6	1.621965575081531E-4	9.267857946118668E-7	2.3920631051733222E-5	0.027838876324080733	1.3815177228065432E-6	0.004417161575979489	0.013252779279617547	0.16053591021094313	0.27053731483872484	1.2653901581477144E-6
84	84	0.6626386863496498	2.816852003352067E-4	5.770752867431093E-7	0.09275581200866873	7.530568900941281E-7	1.8975096125492308E-4	5.511072233716557E-7	0.0016403416758763302	7.728727649300983E-4	8.215106453735648E-7	8.569973627769833E-7	3.340788934071538E-6	5.582498008368204E-7	0.2416726533029208	4.073895022083987E-5
85	85	0.18773693624326265	0.00846497486994317	7.459129492106301E-6	6.134039683441163E-6	9.733823276052874E-6	0.00641523055273989	0.11785013853932311	0.01172696141415297	0.16108399951979172	1.0618639237817624E-5	1.1077331589479037E-5	4.318219448570579E-5	7.215796013177854E-6	0.5066166118489476	9.726058061100342E-6
86	86	0.2527091490037435	4.2265362041705076E-5	5.839716086991617E-7	4.802309740773949E-7	7.620562752430272E-7	0.009620212487633189	5.576932147179961E-7	9.061190086894192E-7	0.24192266800654608	8.31328085196356E-7	0.0011338690824913163	0.02545545784250901	1.7591044456452177E-4	0.20370524858174366	0.2652310977895604
87	87	0.6416990439851921	3.8095327263512185E-4	5.862568766190232E-7	4.821102716713782E-7	0.10635099762714711	0.009766186664002125	4.20327791390405E-4	4.1532366466120336E-5	0.05836107856136194	1.437548184607994E-5	8.706326691061916E-7	0.009495565198757605	5.67131866725523E-7	0.1731823095807209	2.8512333879653773E-4
88	88	0.2913853223860275	2.6592147565681353E-5	1.0156929504241256E-6	8.352584401016636E-7	1.6554317457759572E-4	0.01103158787698392	9.699873388540814E-7	1.5759990308797031E-6	0.3696537854486475	9.52846258398539E-5	0.0815004275990846	5.880022671464551E-6	9.825587757980715E-7	0.24612887284653143	1.3243755345083605E-6
89	89	0.04245238617196285	0.00390638004180366	0.0022136327005217674	6.405402803280194E-7	1.0164436833914578E-6	0.004034160711359022	5.764456595595952E-4	1.2085970192812438E-6	0.4749717054922907	1.1088396073561283E-6	0.296505573810982	0.005077881354784286	7.535014834592375E-7	0.15735677207206744	0.012900334062594934
90	90	0.255176126965908	0.026699423213493167	9.552322784016477E-7	7.855384075072604E-7	1.2465344911068705E-6	0.032614625721958224	9.122473630711209E-7	0.2937951107032307	0.1270175370244987	1.3598459395831485E-6	1.4185870756133817E-6	0.02054637321278889	9.24070466056896E-7	0.2441419555620402	1.24554006086146E-6
91	91	0.005517865994247229	0.01614584476745988	0.18451114089944487	7.284657133108662E-7	1.1559684778651274E-6	0.10568186245649884	2.1306187740361217E-5	1.3744982428040836E-6	0.43612972233488545	1.261047369427532E-6	4.923607770505604E-4	0.003094621298153942	8.569328307469417E-7	0.2483373626685454	6.25357033393866E-5
92	92	0.25742495559779305	2.5300781458313344E-6	0.22251007845450968	0.0023123607005735743	0.004624442678806883	0.0025624874994582426	7.834531930217457E-7	1.2729253501396719E-6	0.09250505563477526	1.1678582876879354E-6	1.2183061513350052E-6	4.2645753386440184E-5	7.936070703149031E-7	0.4179712412690949	3.896618340365547E-5
93	93	0.10798480950353345	0.48097765783558327	3.6050147231863016E-7	2.9645957205617706E-7	4.704379547264743E-7	5.348672426514878E-4	3.4427910880085245E-7	5.593717774329569E-7	0.01105757315514293	5.132013170309869E-7	5.353700256303252E-7	2.0870055556108205E-6	3.4874110838997707E-7	0.3994391068325368	4.700626600722897E-7
94	94	0.16045637088321751	9.570627211767263E-4	6.890712576497823E-7	5.666600162412407E-7	8.992065164800455E-7	0.02139435983730689	6.580634385711212E-7	0.36516919818589044	0.17308219745211076	0.0011787372889413045	1.0233192516424009E-6	0.006115589638209762	6.665922128053452E-7	0.27164108259128406	8.984891691757891E-7
95	95	0.4639770315192297	0.01581734818552138	6.17433578859951E-7	5.077485353517528E-7	8.057226178582568E-7	0.001572076934732054	5.896494150396831E-7	0.17371414385682046	0.005076700984141363	8.789637496127013E-7	9.169322633087975E-7	1.7835425557373064E-5	5.972915152437839E-7	0.3398191442724745	8.050798478857243E-7
96	96	0.25745892872398857	0.003010083539978269	0.0023433280126270626	4.7392807029057984E-7	7.520544893477648E-7	0.04620593387001314	0.003301700504103351	8.942264377403134E-7	0.11603256567937564	8.204171252226969E-7	0.11193380523995045	0.0285023783957012	5.57506709545343E-7	0.4312070264468967	7.514545334414184E-7
97	97	0.28299958154585453	0.0024968866804591485	9.308541180209997E-7	7.65490947097512E-7	0.0023232294876997755	0.004004102233102869	0.00466641863411355	0.006300984417445582	1.286790899427168E-4	0.01156839869630588	0.08914094921855838	0.10208803801523621	9.004875757652815E-7	0.49427892139558693	1.213753053606E-6
98	98	0.2905945235833001	4.2196436581624415E-4	1.132366191158527E-6	9.312050635538876E-7	1.4776861562972751E-6	0.12539086889634032	0.1544695831261562	1.7570349573870485E-6	0.2508213037540203	1.6120095624749167E-6	5.399065175632599E-5	3.270996848500684E-5	1.0954258745964998E-6	0.1782055734189966	1.4765073234470574E-6
99	99	0.582933335582382	5.0814042096143274E-5	1.940853562583826E-6	0.12650708682260137	0.00860956824084384	1.058525917932907E-5	1.8535162437526276E-6	9.266814359662598E-5	0.07073840232814178	2.7629529446191625E-6	5.40822023685642E-4	0.006197542714768494	1.877538580591091E-6	0.204308209276623	2.5307047501669416E-6
100	100	0.4599756529298741	0.0071254338091761476	1.7416101451209762E-6	0.001972522983505975	0.003260606434717055	9.498601610577829E-6	0.1459428325086723	2.7023677773236234E-6	0.057643746329794944	0.00495031939750519	0.08306998292466068	0.02474928289696978	0.004869072193404702	0.20384984820686095	0.0025767568053251247
101	101	0.40507417747930763	0.013272562604945337	1.5912223763291507E-4	1.4921961462936928E-5	8.140815393221167E-7	0.017294136752957753	5.957666978889958E-7	0.001456271456751026	0.14815256016887893	8.8808250684968E-7	4.4153280884286346E-5	0.1895965140405946	6.034880806079586E-7	0.2232604275084752	0.001672251089284747
102	102	0.04947343563443725	1.6208249007292152E-6	5.255470375762746E-7	4.321853357579263E-7	6.858148785906173E-7	0.7551253968805938	5.018977164391943E-7	8.154645767267048E-7	0.08971674581807253	7.481562560928809E-7	7.804742909023931E-7	3.042482961587094E-6	5.084025183492914E-7	0.10567407514865806	6.852677657245967E-7
103	103	0.28543651352743304	0.001021476287733829	3.101412526028016E-4	0.10210546631744012	1.0281149677199254E-6	0.03232262830430534	7.354143679720604E-5	0.001111255253838236	0.18073490084860308	0.024185278350130374	0.00715269267930422	0.021422734489845982	7.621535418064661E-7	0.3441023564299989	1.9224553457358872E-5
104	104	0.14058208280904505	6.583586633560873E-4	2.551683038064948E-4	4.770714891668229E-7	7.570426350727683E-7	4.336211295672442E-5	5.540240984140862E-7	9.001575661968005E-7	0.21315709818540068	2.018165225430395E-4	8.615332391235489E-7	0.00899434083352077	4.075933724854378E-5	0.12983422162983552	0.5062292417732591
105	105	0.2814692162979228	1.6009910007010056E-4	6.840198730889936E-7	6.375831940767427E-5	0.003539858165882709	0.001536229064648254	6.53239363474802E-7	4.845821886657828E-5	0.5434837589444376	9.737544135031232E-7	1.0158175905135725E-6	0.011252814697413504	6.617056157013077E-7	0.1584409267518927	8.919026017245646E-7
106	106	0.17389779856096566	0.06073114530753698	7.778896938229876E-7	0.0166740942890422	1.0151105187205579E-6	6.151234271395744E-4	0.15904537652828274	0.0049241882158748956	0.26115130705407325	0.005103759436167579	1.155220872306148E-6	0.09607450515605219	7.525131930368239E-7	0.21500439606314115	0.006774605227445973
107	107	0.23172681488097593	0.020074785554060677	4.4071212736046066E-7	3.6242106817741724E-7	1.6344266591893913E-4	0.006038682429537717	4.2088032947416647E-7	6.838305664393834E-7	0.16748877132220852	0.24328404024253258	6.544884862828664E-7	0.02275311318871881	4.263351125532951E-7	0.30846678639795755	5.7465039901439E-7
108	108	0.2710045584970801	4.209361119446849E-4	0.0010561519819707926	6.478481087854072E-7	1.028040137670674E-6	0.0598689201364733	7.523473368864374E-7	0.0014750930567269639	0.25325074004793985	0.12668121545975508	1.169935098399446E-6	6.778102638514556E-4	7.620980694236478E-7	0.28555918695549415	1.027220012584935E-6
109	109	0.3635643573236213	0.0016929870286447849	8.412183662351914E-7	6.917786916538852E-7	1.0977515435505708E-6	0.005172914892118699	0.16882634062157645	1.3052757030471345E-6	0.13666892654461135	9.834654135777177E-5	2.0679068984203495E-5	0.008223675605252879	8.13775942583593E-7	0.31572592569777974	1.0968758057794616E-6
110	110	0.2445403565040548	0.005694283886302257	0.05841870372411647	0.0017509146629707572	1.5034984837674186E-5	0.025064079523996013	5.884075060764648E-7	3.85191921329853E-4	0.17733176986515065	8.771124920159911E-7	0.018714626373051504	0.01311028034170668	0.204769868225081	0.250202621083201	8.033842032302838E-7
111	111	0.41945321033245037	2.6441608827010737E-6	8.573602973112125E-7	7.050530617921793E-7	1.1188160262887363E-6	0.004836518723192935	8.187795660891233E-7	0.009506594746794531	0.2585825012855068	8.329311548583042E-4	1.273240304384206E-6	0.02285720329466324	8.293912877826015E-7	0.1492835656917218	0.1346392279693857
112	112	0.2560980295249329	0.003392110255591827	6.923107138723582E-7	5.693239937258896E-7	0.0012321679819817881	0.003249836888348669	2.405178872748984E-4	1.1300736401987659E-4	0.3951237475239134	0.006589050411948538	0.016503171164654162	0.0674517204260626	6.697259907241311E-7	0.2500038064974339	9.027131391900528E-7
113	113	0.26363503516599396	0.036190353263726896	1.2644891810283245E-6	5.267510455275055E-4	0.006660658490676884	6.896422259092651E-6	0.007331958052368046	1.9620434729081817E-6	0.09640915372564383	0.005843035526578435	0.005697082399438287	0.0010003303702846675	0.007828478714745324	0.5688069791515589	6.0061138544295997E-5
114	114	0.12789793747348568	0.003382339596603558	6.935861505528536E-7	5.703728532771488E-7	9.702454451033717E-5	0.008526373665212422	6.623751638326115E-7	0.43718435763025126	0.15978231978396581	1.611864498465252E-4	1.0300241849501327E-6	0.0016060060616153282	6.709598198088679E-7	0.2613579231001386	9.043761980256559E-7
115	115	0.24005083398499819	2.015441956774656E-6	6.535002943953465E-7	5.374081175563014E-7	8.527880342102226E-7	0.028470916250620516	6.240931486589593E-7	0.002823598756605266	0.2383346043845694	9.303074675584279E-7	0.33886208127207523	0.0048338747833094635	6.321816538912144E-7	0.14661699273943146	8.521077175240876E-7
116	116	0.4365552868829859	2.0672389013076676E-6	0.005821884807102879	5.512195291740294E-7	8.747047231815547E-7	0.005422339457640027	6.401323692854133E-7	1.0400630536274495E-6	0.035608261350824705	9.542164092839862E-7	0.2402963955366796	0.0045091289209117195	3.1612335727229926E-5	0.256962823544329	0.014786139588813075
117	117	0.2821946928292429	5.1845848079830255E-5	1.052098748825126E-6	8.651968682165558E-7	0.0033791493763845925	0.013905652602565795	1.0047548968007017E-6	4.1474183629012053E-4	0.2902454043243622	1.4977427417175212E-6	0.09841878952027157	6.090782153334798E-6	1.0177769356700106E-6	0.31137682346491974	1.3718455388008933E-6
118	118	0.2277959423453592	5.411840805174646E-4	7.291670518714087E-7	5.996329245618196E-7	0.16190047703580784	0.07486545511601886	6.963549446015961E-7	0.05345677418225685	0.26672218482870064	1.0380248628367955E-6	0.0029147017047027185	0.08847381531216018	7.053799925852498E-7	0.12332474606409183	9.507706080512188E-7
119	119	0.24680764582328826	0.01066490527468771	6.93164182356122E-7	5.700258463420043E-7	0.4374465450559939	0.002005050639318225	6.619721839674289E-7	1.708570898610554E-5	0.06865133259584219	3.300709487674268E-5	1.029397532518323E-6	6.284091431099287E-4	6.705516171580242E-7	0.23346931698238804	2.7307657014658925E-4
120	120	0.2671369187109699	9.248804590829623E-5	0.004192500081518524	0.003100194046653819	0.016796072009178552	0.0010695328706044592	0.15180020448219742	1.9828335172274794E-6	0.26838535696518484	0.004724323050925151	0.0016547741113533906	0.10847740891238196	1.2362002990642242E-6	0.16834460358143744	0.004222404097870088
121	121	0.07530660953168279	0.43137321025078595	1.805034854659446E-4	7.990066945350581E-7	1.26790669156942E-6	0.010777211609812123	9.278881124078488E-7	1.5075977874589075E-6	0.16406935685933227	1.3831608981553325E-6	1.4429091682388891E-6	3.422470853890819E-4	9.399139259715535E-7	0.30977262556610385	0.008169967228149704
122	122	0.3661436285007425	2.1621380328134095E-6	7.010660050106912E-7	0.004712643933206951	0.1188875090820205	0.005509331870824496	6.695184290463202E-7	0.003320585467872761	0.19776085483690026	9.980208812549307E-7	7.45904021732558E-4	0.06461281791570013	6.781956646930642E-7	0.224407289147538	0.013894226284449064
123	123	0.19858150420000378	0.04918038172728707	9.56921298410456E-7	7.86927378669528E-7	3.3278197799928733E-4	0.021157039646399745	0.002785793071457564	0.004709256805733075	0.10710700780680661	0.011295594606432648	0.10529637793334483	5.539783383463686E-6	9.2570438645721E-7	0.49664941485480774	0.0028966380332806686
124	124	0.29374349601669025	0.005161802371043927	9.46420467648411E-7	0.002361623302815906	4.4954387532978374E-5	0.003699446949514853	9.038320788462488E-7	1.4685124467938637E-6	0.24974647148882084	0.13559691769219526	0.0019031973151969694	0.030281130288544438	9.15546116269247E-7	0.2774554918263114	1.2340502237296464E-6
125	125	0.19040011630951095	0.27001850250252846	5.08988796302065E-7	4.185686115582082E-7	6.642071300596439E-7	0.001883771684010168	8.277964646458622E-5	7.897719969068591E-7	0.03726705138615969	7.245843378563571E-7	7.558841387503056E-7	0.06474446737606811	2.0034817757590555E-4	0.4353984372354158	6.636772549025095E-7
126	126	0.4846691691484861	1.7116194637978271E-6	5.549868701129497E-7	4.5639527892152654E-7	7.242325153258214E-7	0.0361516212000756	0.09744791094215485	0.010435242633489383	0.2711911776807245	7.900661011035545E-7	1.3642844988936192E-5	0.0027976787193373185	5.368819577358273E-7	0.09728805899380183	7.236547545634134E-7
127	127	0.3440068737008465	0.007050086580776087	1.572296006457442E-6	1.292982794833154E-6	2.051774470559402E-6	0.0034948782720166747	1.5015435703848397E-6	2.439651650036792E-6	0.009986262312608104	2.2382831783925028E-6	2.3349700844816153E-6	0.012501688388655686	0.4364430898467428	0.1865016392589436	2.050137655369095E-6
128	128	0.017524509196113317	0.10728091976134012	9.523536381160148E-7	7.831711481956863E-7	1.24277799702196E-6	0.0567347239378093	9.094982599794697E-7	1.4777186452843454E-6	0.17531349523783035	1.3557479757763888E-6	1.4143120924528755E-6	5.513340405715689E-6	9.212857334525854E-7	0.1824973156911695	0.4606344659698414
129	129	0.4172653793884316	2.238323851710761E-6	7.257690012497125E-7	5.968385264511709E-7	0.11075568632086635	3.958285741209392E-6	0.19071609619262264	1.1261388022181828E-6	0.09219757959652015	1.7796429377651185E-5	1.077817980330823E-6	0.0023845819522713987	7.020927939711809E-7	0.1865844555457731	6.799930743995256E-5
130	130	0.42373974149920524	0.004722063236809667	5.90647724859579E-7	4.857211001708753E-7	0.009918735132124604	0.0065515334423303625	0.00212876550048622	9.164779981797612E-7	0.06525099743971675	8.408320452887846E-7	8.771533873711299E-7	0.1011475566295076	0.23294313191905328	0.15359299421509354	7.701534169262573E-7
131	131	0.2691220492365339	2.1636094867565544E-6	1.6905234632802575E-5	5.769162924768863E-7	0.4204056918069112	0.010811688399424053	6.699740731899767E-7	0.02594319866230622	0.062205729247635594	2.764614558237662E-4	6.585660689754971E-5	0.005254057405271971	6.786572141732045E-7	0.20589335803610145	9.147513949367107E-7
132	132	0.13253563469718285	0.047457436689144455	1.0762381325249072E-6	8.850479698370557E-7	1.4044416035454082E-6	0.0021436665231115287	1.0278080218093481E-6	1.6699439069127823E-6	0.5413593822208865	1.5321069939003655E-6	6.230508494270451E-4	0.007761958479938412	3.9877076733643485E-4	0.26771110086514227	1.4033212019693247E-6
133	133	0.2168592093939099	0.012819808123297156	1.2413226894828189E-6	1.020805798491829E-6	1.6198694097973734E-6	0.007117201817028581	1.1854638665433732E-6	1.926097207642331E-6	0.34502753707015316	1.7671174406188625E-6	1.8434514450374882E-6	0.010959544804171288	0.005821433262722228	0.2374130462997832	0.163971615101077
134	134	0.29314880960766837	0.006142838692294837	6.500465317046375E-7	5.345679044423694E-7	8.482810316565919E-7	0.0017902426959513242	6.207948033470269E-7	0.005556286257150065	0.4766576087882687	0.0019377654234304445	2.2617932207633857E-4	0.002436073970814564	6.288405606603685E-7	0.21176975130318404	3.3116140832952634E-4
135	135	0.07010967580222972	0.12068474130443534	1.2138770981742285E-4	4.3032574014917846E-7	6.82863972506762E-7	0.01999382970269638	4.99738164246397E-7	2.788001312236944E-4	0.00808564910877204	7.449371091821055E-7	0.26298967749289026	0.04714015478683405	5.062149774672281E-7	0.4705925375619239	6.823192137434815E-7
136	136	0.28819204367907114	2.4581166798165866E-6	7.97036088545545E-7	0.1817742126149932	0.3228083446299655	0.008030807465537266	7.611699127931601E-7	1.236720312570254E-6	0.03628448056536567	1.1346416083462455E-6	1.183654614247385E-6	8.330332679397103E-4	7.710349895617355E-7	0.16206769613697483	1.0392659468092003E-6
137	137	0.3719591212602077	0.0011424255560461409	0.001689096586726405	6.522118485282018E-4	8.367976267538422E-7	0.00527621749250698	4.5045426204129226E-5	0.0010081437891459601	0.08550374922685525	0.005436554177523271	0.0055550817044402075	0.043636952917886856	0.0013632334092207024	0.20743667795132179	0.2692946518557597
138	138	0.22043777526468672	2.6722602301855178E-6	8.66471416483698E-7	1.2079099973961804E-4	6.116993268013595E-5	0.0029066216399360307	8.274806900227012E-7	1.3444595752023797E-6	0.5778372348184526	1.233488088825646E-6	1.2867709567655177E-6	5.653822725495755E-4	8.38205181879759E-7	0.19806082613222242	1.1298035935590921E-6
139	139	0.31094537957036955	1.9809075831317086E-6	6.423026395749907E-7	0.2711916673589897	0.007789423955618876	0.010610815129222956	0.0011281039122981366	0.006840116713224477	0.17060689508744292	2.234453890387081E-4	0.05800737367380415	0.021307354934914445	0.002047906754323521	0.13929805680358331	8.375069466102437E-7
140	140	0.34934980570072144	0.14594069334755685	7.612577534728854E-7	6.26022818624021E-7	9.934065962619023E-7	5.6900638145595564E-5	7.270015826779742E-7	1.181204891913396E-6	0.2178522792557458	1.0837084219645933E-6	1.1305212718461361E-6	0.03221634067863657	0.05682877653161234	0.19774770811014442	9.92614100288176E-7
141	141	0.2917383093018483	0.022440085856791993	2.5370279839997565E-4	6.432133769426472E-7	1.02068549651778E-6	0.045313191308539356	0.003957148350935664	0.001952315694056463	0.47550859212257984	0.0010669932924374152	2.1795068237174145E-4	4.06595901695768E-5	0.0014098859067281679	0.15609848132502946	1.0198712386404164E-6
142	142	0.15428239487655934	2.2385490037414734E-6	7.258420060404779E-7	5.968985621810922E-7	9.471906635500232E-7	0.008755251155280646	8.451782005439592E-5	0.39084189518927587	0.14379253749370943	1.3515271625541144E-4	4.537309852619135E-4	0.0035416018556613284	7.021634171824693E-7	0.29810676082925236	9.464350366093131E-7
143	143	0.4000059476509583	0.0024276212951143405	0.005731038673742669	1.3690513332695635E-6	0.020343372355047212	0.00539238398284561	1.938507504653746E-4	2.5831808107138456E-6	0.069251789375517	2.3699654642415495E-6	5.408027720045336E-4	0.24494998407088608	1.169670086568302E-4	0.25092239259515	1.1752727200381204E-4
144	144	0.42617427215611764	3.301146722230706E-5	1.2608802827239903E-6	1.0368890496514854E-6	0.0021858570151586203	8.223157459050721E-4	1.2041413790873688E-6	1.9564437291787415E-6	0.009085884558720411	1.7949591649390737E-6	1.8724958456815417E-6	3.642227632129501E-5	0.21888834729229661	0.3427631196002518	1.6440785551246973E-6
145	145	0.6342043816339504	3.4408190918660655E-5	6.982394146416182E-7	5.74199480312947E-7	9.111705425798845E-7	0.00689020159936962	7.586539209437421E-4	8.558348353367444E-4	0.1141655181238436	9.939970144707382E-7	7.912788068133288E-4	0.04790237611574628	4.905761672509012E-5	0.18455487832200668	0.009790233227893954
146	146	0.2476079747783783	0.02572660698966035	0.09426374578273504	6.325177851153177E-7	1.0037131575612745E-6	0.020292230968760334	0.003713693857248829	1.1934598544548505E-6	0.12338012855500428	1.0949518617843539E-6	1.2549973934723814E-4	0.007270483202229423	0.009540740002507684	0.4677541921688634	3.207793126063024E-4
147	147	0.3852773941249504	0.009747135939190736	1.5507271033253225E-6	1.2752455363660996E-6	0.008598217791412968	0.0012620691896837195	0.1189513176809683	0.11447505845990233	0.07353274159596902	2.2075782011752836E-6	3.96295171235334E-4	0.020568208468929733	1.5001389185619246E-6	0.26718300587432203	2.022013675969187E-6
148	148	0.1748769169811994	0.20497137591290213	7.870674018471573E-7	7.336350415627541E-5	1.0270870084813296E-6	0.01971039816483717	7.516498113900722E-7	0.2178773053549662	0.10380218438918198	0.005909316306354026	3.752697875800243E-5	4.556469713508861E-6	7.613915037084643E-7	0.2727327024745622	1.0262676437600252E-6
149	149	0.4562661653846334	5.0738634975492916E-5	1.0296302664895217E-6	8.46719837831288E-7	1.3436204672797762E-6	0.001052005504950043	9.832974835345151E-7	1.5976248545136627E-6	0.12661283223186356	0.0017137402769336527	1.5290733172735694E-6	0.001337729779158491	0.20704352339254226	0.20263273278386845	0.0032832020448477963
150	150	0.07830224635116263	0.16134964996699622	4.3139304362630254E-5	0.001283293821062433	2.336154786917903E-6	0.01758312474392656	0.004756854410096849	2.777792570492268E-6	0.12545250446206666	0.09936439923377931	0.07091633899493492	0.09267366287757224	0.011207333793260638	0.3370186547175385	4.368337588292232E-5
151	151	0.18896067818515305	0.0012712004802709171	0.09457463331778386	1.0492957819425464E-6	1.6650788440949002E-6	0.012237542786733656	1.2185493427320301E-6	0.013617714068266363	0.41563310798071074	0.0056013608106073665	1.8949008992225192E-6	0.04825188227129968	1.2343422460119778E-6	0.21465620781391676	0.005188610118143713
152	152	0.3887928214822795	0.007567419367869171	8.710561674041315E-7	0.0427535289671457	0.002757435668849944	0.008836978789736077	8.318591297300587E-7	0.0410239327480308	0.03050005845721115	0.0013492110490114064	0.12292820430861147	0.06519050763172493	0.011830797388099345	0.2764662654444222	1.1357817112060652E-6
153	153	0.38913255455191065	2.512936479527754E-6	8.148112247282176E-7	6.700626919381752E-7	1.0632914300847004E-6	4.443914864186056E-6	7.781451778438823E-7	1.2643010862538255E-6	0.041553989537745695	9.52592917938101E-5	3.8849790310710484E-5	0.0012091887113514024	0.43114517138756797	0.13681237682318212	1.0624431830724391E-6
154	154	0.10430048291740562	2.381822245604997E-4	1.267858848249459E-6	1.0426278959755798E-6	1.6544978848939786E-6	0.2075426729342957	1.2108059130887535E-6	0.27530091777562277	0.134237450218627	1.804893684750111E-6	1.882859506002271E-6	0.010403162366099814	1.2264984583190734E-6	0.26796538834319794	1.6531779994440016E-6
155	155	0.43968932147911843	1.550384899215721E-4	8.25279559081331E-7	6.786713611413956E-7	1.0769521282527201E-6	0.03239025887313573	7.881424430382219E-7	3.253287395012231E-4	0.11095762913898065	1.174848340882639E-6	1.2255981531943455E-6	6.196266214945544E-5	0.18491794788422938	0.2284267401225469	0.00307000311843109
156	156	0.3302488391084526	4.571650496640272E-6	1.4823423395472592E-6	1.2190091008408412E-6	0.021606098608606922	0.14579339558520643	0.016059027395255984	9.609634636323915E-4	0.2625705421755638	2.1102272788335962E-6	2.2013825663793834E-6	7.705749325171823E-5	0.018798083995383172	0.2037355228043471	1.3888475851760908E-4
157	157	0.18529680471971655	0.018280370324498925	8.822025438601537E-7	0.0027107894620190956	0.006114077504370922	0.0089704366582066	0.019460324464532063	0.008803982698065059	0.3094156464691315	0.07804294793398518	2.0507434179822947E-4	0.09065980381280772	8.534231247142343E-7	0.2720368556695801	1.1503156195792715E-6
158	158	0.2858873275484593	0.0012917121949300764	5.817431686105714E-7	4.783984090374596E-7	7.591482627160206E-7	9.722930543556344E-5	5.555650531801761E-7	1.4339307679964063E-5	0.2029334699389643	8.28155730917097E-7	8.639294954502548E-7	0.01940588525455585	5.627654059627084E-7	0.22982807395734958	0.26053733278709945
159	159	0.22797797743592793	0.024610603396053393	0.011425757231456375	3.8889662071470445E-7	6.171220230136299E-7	0.2764267382781667	1.752169698381682E-4	7.337856978543866E-7	0.10012945548105169	3.2835823800541236E-4	7.023001225952152E-7	0.15033370156241027	4.574797083342706E-7	0.20839206418188758	1.9722764102994027E-4
160	160	0.23995957469625875	2.2564421636182623E-6	1.7630577257497258E-5	6.016696890965543E-7	9.54761743722213E-7	0.007574712514001516	6.987202434313561E-7	0.018302680185529933	0.22299807298657287	1.0415507069660915E-6	0.1359023093826223	4.235612886701461E-6	7.077759466657548E-7	0.3752335691243001	9.540000769076229E-7
161	161	0.4791876471136321	3.4161740735053397E-6	0.0017920150453491484	9.109067477314674E-7	1.4454756996955168E-6	3.162560477259436E-5	1.0578378735912306E-6	1.7187352832637548E-6	0.13562247326516044	0.17195426804898828	1.6449870904739123E-6	2.622564778472296E-4	5.22403296716197E-5	0.2110858356752474	1.4443225629271095E-6
162	162	0.13366236182603547	2.0747118578042506E-5	0.146920371500218	6.516662807055244E-7	1.0340990177278632E-6	0.0017431234543552852	7.567813877649069E-7	1.953276417138472E-5	0.2710331292128755	1.1280998323082872E-6	0.30985561234754233	0.01495828087368431	7.665895874347203E-7	0.12178147039237472	1.0332740591348082E-6
163	163	0.19474044811362665	0.0145400210557268	0.33971049145781285	4.943810417998451E-7	7.845103618910682E-7	0.006015720327450777	1.4459672019413002E-5	1.4818364224438847E-5	0.2604648697488491	0.0015838081017072224	1.5363380151391264E-4	3.7839007623687135E-4	5.81566624037354E-7	0.182297381660478	8.409716232636005E-5
164	164	0.3329165898142487	0.0022026083528534843	0.0017562315183796003	7.910711876862096E-7	1.7900413021536147E-4	0.020001988255209116	9.186725920356918E-7	0.011444072655516625	0.33123458615646517	0.10902804944498787	1.4285786054724671E-6	0.004693693977134593	0.00408915334724049	0.1637193482253492	0.018731535800014694
165	165	0.3541780893967463	3.1346763389544987E-6	1.0164082887403804E-6	8.358467009199853E-7	0.010260425636920681	2.901960873558601E-5	9.706704873483921E-7	1.5771089849191577E-6	0.21004120744889274	1.4469346520774758E-6	1.509437750958365E-6	0.01817646273457681	1.6531664870429592E-4	0.2978794287127823	0.10925955872943746
166	166	0.19560715382443394	1.1456681707642885E-6	3.714790616307246E-7	3.462601248375332E-5	4.847632073546922E-7	0.5817864132673914	3.5476271276741055E-7	5.764051437766259E-7	0.10626479854603936	5.288287519386945E-7	5.516725173610127E-7	0.002104282740843214	3.593605841982925E-7	0.1141978682921738	4.843764846456979E-7
167	167	0.4618659607038061	4.062195475099507E-6	0.03757319183599799	1.0831653157169223E-6	1.71882483747216E-6	7.183647895635026E-6	1.257882101740172E-6	2.043759638806644E-6	0.04107001505433898	0.11238285083972757	1.9560651687352564E-6	0.012541724313125389	1.2741847738386365E-6	0.3345439600741622	1.7174536348162052E-6
168	168	0.4208070392372984	0.0012275628017565622	7.578067170674189E-7	0.002136016497654487	9.88903151385984E-7	0.008300661133837178	7.237058409699814E-7	1.175850094453913E-6	0.21017845037647842	1.078795608663121E-6	1.9366085887035462E-4	0.14423095180838408	7.330853678785487E-7	0.21291921102469205	9.8811424806198E-7
169	169	0.33587649987312507	3.845272969374586E-5	5.312932702663984E-7	1.270830510168611E-5	6.933134497801823E-7	1.0106878541146583E-4	5.07385371889793E-7	0.002737345316875705	0.06559041907709745	3.075411947703669E-4	0.004148520292257803	1.2578969222503262E-4	0.13044543571647743	0.4606137942645175	6.927603548847502E-7
170	170	0.03519384803733592	0.00754293590943904	4.37430905161639E-4	8.631622624068193E-7	1.3697121887728893E-6	0.6831606192520471	1.0023921049027079E-6	1.628649078816258E-6	0.057141341565211355	1.711980519552799E-4	2.580217081592662E-5	0.00638209183577195	5.58613686431955E-4	0.20916169541043272	2.1955925976229173E-4
171	171	0.17953075802722127	0.003279183611681912	0.3828288979555476	4.3380721560537747E-7	6.883885645504095E-7	0.022044141278111624	5.037812088310566E-7	8.185248044898331E-7	0.16363396837281963	7.509638931275192E-7	6.709158148576314E-4	0.020094842024401253	5.103104215812649E-7	0.2279128992998524	6.878393985112285E-7
172	172	0.251646351608567	3.832834097280187E-6	1.24278360015365E-6	1.0220071831893765E-6	1.621775831492696E-6	3.548288047134762E-5	0.1702208803739176	1.928364028338951E-6	0.30203188330146613	1.769197158284128E-6	1.845621000069417E-6	7.1946898337498035E-6	1.2022412208719075E-6	0.2760421218395743	1.6204820502538953E-6
173	173	0.22857232685978518	1.744446064137236E-6	5.65630785167756E-7	0.17554808796625074	7.381223382895392E-7	0.08063714965378324	5.401777179311061E-7	8.776604867522914E-7	0.2382700690659755	8.052185252791331E-7	8.400014735166259E-7	2.9403525250679013E-5	5.471786444870567E-7	0.27693556695942223	7.375334968389056E-7
174	174	0.2976242556721861	0.0010938938397537506	8.43710120382182E-7	5.463397162935988E-4	0.12208936855498183	0.012106247839913447	8.057436394453983E-7	1.3091420310739341E-6	0.2590840686607072	0.0013653158068986596	0.013778811653450185	0.1058796741063432	5.927824589225313E-5	0.17471524999285062	0.01165453731493834
175	175	0.3633567273733225	2.4336991917925414E-6	5.293560456384661E-4	6.489344418792187E-7	0.23118526769570286	0.012234248890744539	2.194709579343612E-4	0.01049965718921706	0.1371537315492146	4.2033162306491636E-4	1.1718968841911583E-6	0.005253784722492002	5.544271323977923E-5	0.2390684713206691	1.9255388242061985E-5
176	176	0.07180732470998896	1.5482977763942532E-6	5.020303607773084E-7	4.1284631920644065E-7	6.551266895407512E-7	0.6811225637735531	4.794392768710202E-7	7.789749468349096E-7	0.09679908261712382	7.146784746352938E-7	7.455503728955484E-7	2.9063408404099368E-6	4.856530081190762E-7	0.15026114535721016	6.546040583586196E-7
177	177	0.6313323474779333	2.0517376269300368E-6	0.007698961848221739	5.470861872759885E-7	8.681457144937491E-7	0.0037682643755341085	0.0011530749399722483	0.005286888597905697	0.03546417825668943	0.004457046877469687	0.00909757794109808	0.012127516030488889	0.0011530831741416697	0.2884567260578703	8.674531461275504E-7
178	178	0.24499425249440387	2.8546182010268772E-6	9.25600376873546E-7	7.61170515776523E-7	1.2078662131110027E-6	0.03399732414688453	8.839488804475806E-7	1.4362069721222978E-6	0.2907939807834704	1.3176626697270036E-6	1.510261111651437E-4	0.006525889391358364	0.02604026154624342	0.19126686383549968	0.20622101461714562
179	179	0.24948637575780952	1.5262776806506026E-5	5.829651316417781E-7	4.794032943572617E-7	7.6074286865606E-7	0.0015247097967191084	5.567320285621784E-7	9.045573094904862E-7	0.099343612099007	1.429476565826273E-5	2.779548493614964E-5	0.5076155229593873	5.639475058281369E-7	0.1419678178755561	7.601359815438549E-7
180	180	0.22127805032275263	0.0070315875753508734	0.16784072202086509	5.714072429938283E-7	9.067396705914833E-7	0.006648059201657043	6.635764027311946E-7	0.01776727724419045	0.14723292194916257	3.0591940972410565E-4	1.0318921673036438E-6	4.0225723945199705E-6	6.72176627260218E-7	0.42442392133999474	0.007463672571797143
181	181	0.1184436785965425	0.11205663510413715	5.125135521512892E-7	4.2146720612966095E-7	6.688067754423779E-7	0.022825755806523077	0.2637903514759566	0.003078580384178684	0.002462050974746891	7.29602096403639E-7	0.0197222613041644	0.05503613291368405	5.968397004123238E-5	0.4025218688071645	6.682732308909994E-7
182	182	0.26237282134915657	3.9082164935712077E-4	0.005889193203338445	9.19469508232636E-7	0.49674323406091947	3.6764647439880047E-4	1.06778182491576E-6	2.7559782666126385E-5	0.07218018340629481	1.591694136647428E-6	1.6604503972485315E-6	0.001840040097250644	1.08162071883135E-6	0.15731415817901032	0.0028680207810218303
183	183	0.20361254591300235	0.009773752766037482	3.3548353954691184E-6	2.7588599271534578E-6	4.377906952051339E-6	0.005442411564637546	0.008604299818484576	0.2036419636662948	0.12080162050849536	8.226321472301143E-5	4.982166369823742E-6	2.5188377670214623E-4	3.2453931651290103E-6	0.4442792344053101	0.00349130520450307
184	184	0.6256289070497653	2.042947963438727E-6	6.624190247969786E-7	5.447424648507705E-7	0.16892853914789283	1.8912814005521067E-5	1.593264448028279E-5	3.162790974776187E-5	0.039121957830853364	9.430039599164852E-7	9.837388125009503E-7	0.0016562385240573947	6.408094353693091E-7	0.16457590264662914	1.6163770907680798E-5
185	185	0.37845894570432814	9.567608583877864E-5	1.0021279126516815E-6	0.0028015340022225915	0.0022002121973369905	2.8611887811542156E-5	2.0927429793770203E-4	0.057427681062490264	0.028701143509744894	1.426605448512003E-6	1.4882303887153055E-6	0.009333785701500634	0.15012827856970706	0.37060963332943014	1.3066879015056848E-6
186	186	0.3006223979425418	0.21596561941592082	7.679824386645938E-7	3.376583920768309E-4	1.0021820032731962E-6	0.0023456381340767967	7.334236608178421E-7	1.1916392434963993E-6	0.21454392509008785	1.0932815237741561E-6	1.1405079020262724E-6	0.026718257553128195	0.0012778972671224351	0.2183857835669565	0.019796893621316727
187	187	0.03753246755703296	0.03916657762262379	4.932116065082731E-7	4.05594187613602E-7	6.436186180344759E-7	0.1595906122237939	4.710173615846557E-7	2.3548919329382544E-5	0.07545920544940068	7.021243059204392E-7	0.18013948719230205	0.38347409806272664	4.771219413286361E-7	0.12461016717960216	6.431051674842913E-7
188	188	0.42051344774325894	0.14199329804896618	9.077844452156531E-7	7.465195257511264E-7	1.1846172360769285E-6	4.950983328581812E-6	8.669346556950808E-7	1.4085628981771811E-6	0.2222320093812919	1.292300333389904E-6	1.3481237082781227E-6	0.0012213582315151962	0.002034705450834123	0.12954790127132898	0.08244457404667356
189	189	0.2493412500645848	0.005824160564043982	5.219231577665896E-7	4.2920522627140334E-7	0.0023875653120900737	0.0064040360426538346	0.0018569639461829325	1.0930457914191767E-4	0.1595473586681018	7.429973870343696E-7	5.070838678311438E-4	0.35849374432695746	0.0013747715725537526	0.2122708109365939	0.0018812559934933161
190	190	0.5719368284420612	7.919159195458501E-5	4.806348363078673E-7	3.9525163925317334E-7	0.004230232277308387	5.576876259851874E-4	4.5900653897042296E-7	6.002173614389374E-4	0.07998488515184789	3.4482531531471227E-4	5.622040474092625E-5	0.005631154580527514	0.1578502143037982	0.17872658134585828	6.267061497008206E-7
191	191	0.5980541197025786	0.0018601720145692204	5.029342860336178E-7	4.135896651154954E-7	0.010815506837018972	0.01804298235545483	4.803025259991396E-7	8.209504316634994E-5	0.094638480600875	7.159652811191952E-7	7.46892765437043E-7	0.01659110336534416	4.865274453127985E-7	0.2599115380863254	6.557826985116113E-7
192	192	0.19587897496501386	0.006918032375814127	9.913432965976462E-7	0.023081261597763948	0.0012835406779060626	0.025009223600201587	9.467334057561877E-7	0.002955285816983478	0.22750691437288867	1.1589759381374716E-4	0.0024285826455415415	0.29895247290730026	9.59003462113102E-7	0.20984364219968193	0.006023274166926387
193	193	0.25577495517396626	0.24680124277221177	7.477937835329363E-7	6.149506786382884E-7	0.03240315967856131	0.01713785579044531	7.141434838135396E-7	0.012626957961924664	0.2276095382717846	6.746707087222922E-4	1.1105263301182267E-6	0.05998982190252944	7.233990786198898E-7	0.14697691186824877	9.750582509752722E-7
194	194	0.29913805184237185	0.006567128156156592	0.19005690048874163	6.0906198014105E-5	1.5944898766029704E-5	0.020212037845968298	1.5716231492575112E-5	0.0011782065489498769	0.1514501385927612	9.301951443656046E-7	1.6062590391253494E-5	0.034127277935292646	6.321053257262952E-7	0.29715921436578785	8.52004835989972E-7
195	195	0.26408018654418575	6.833830527561374E-4	7.022258380674664E-7	5.774777287352367E-7	0.0049802907221288975	5.248826448870801E-5	6.706260702678001E-7	1.0896080747541702E-6	0.1845772168900756	9.996719919936601E-7	1.04285472818311E-6	0.0034101519957575963	0.31167383078254673	0.23053645364202724	9.156416013794673E-7
196	196	0.08479769308236502	1.2941868108782878E-4	5.529384598306942E-7	2.5997386575748668E-5	2.6264235247236267E-5	0.6583654847816255	5.280565400963816E-7	8.579664518350789E-7	0.09495470622598563	7.871500329723703E-7	8.211524782620231E-7	5.428640828384361E-5	5.349003711762035E-7	0.16164134605068997	7.209838051772611E-7
197	197	0.3447652932471608	2.379232804979321E-6	7.714582567176832E-7	0.1911935300636184	1.0067177870673093E-6	0.0060625098498116765	7.367430690132512E-7	1.1970324933765876E-6	0.26496136974089324	1.098229615639448E-6	1.2587542458858595E-4	0.007915896270590968	7.462915637873826E-7	0.18496658378307373	1.0059146720125757E-6
198	198	0.2879726610366969	0.0014150959128055676	1.8490924616992355E-6	1.520607270649777E-6	2.4129812014001463E-6	0.027044808498736174	0.003674729925353105	1.3099579520828305E-4	0.19099349103228355	2.632324025066338E-6	0.0040600900310688815	0.07376894772663395	0.0012403464126686558	0.25854126639127867	0.15114915223230738
199	199	0.42471906371044527	2.7028767991062334E-6	8.763987362637636E-7	7.207093847142183E-7	1.1436603195017939E-6	0.001138352478658977	4.0568434359381254E-4	1.3598632917941737E-6	0.05133434516763337	0.14947090116843106	1.3015137244188955E-6	7.742836506886559E-4	8.478086502960596E-7	0.37123636729149245	9.120493581503221E-4
200	200	0.3071001636918116	2.2229339930671463E-6	7.207788912043704E-7	5.92734893034529E-7	9.405835299571305E-7	8.717099137986455E-5	6.883442464472932E-7	1.1183959025631659E-6	0.10896080785601502	1.0260836769267786E-6	1.0704073161643486E-6	1.7065255662176268E-4	0.4402233450387123	0.14344853976983624	9.398331738962293E-7
201	201	0.21270465873661099	0.0011457865435848594	1.4733658683791029E-5	5.02808031186932E-7	2.9042348497838352E-5	0.00363274851441638	5.83911997424545E-7	2.91931840400704E-5	0.35427012241331396	2.550706028738542E-4	9.080103120862354E-7	0.02891175033198205	5.914797383242706E-7	0.23991655694568687	0.15908775051023033
202	202	0.24404992847261717	6.422929166624707E-5	6.151292513062974E-5	0.018936969450898657	1.7008693852985064E-6	0.037427332321477214	1.2447418204121995E-6	2.022409802773901E-6	0.3171833605123583	0.1825270496824922	0.0019888501650400596	0.05603251446779428	1.2608741890319238E-6	0.14172032430282108	1.6995125067104684E-6
203	203	0.3905409989975894	0.007276653408196215	9.93413223459236E-7	8.169366333166368E-7	2.4241436641593688E-5	1.2014338460177624E-4	9.487101870730784E-7	1.541428713058487E-6	0.14659575846355832	1.4141994243637136E-6	0.1915699295165561	0.013405676453996668	9.610058633331418E-7	0.25045862732011287	1.2953247024675308E-6
204	204	0.43779709985750287	0.017690549689791234	3.0867132349224332E-6	2.5383687861236848E-6	4.028019779571386E-6	1.6834685642342495E-5	2.9478128752373846E-6	4.7894957475189334E-6	0.05183001718187768	0.10644704681510196	0.021606810209162722	0.02140621231343265	0.02189039014473078	0.3013311706105081	0.01996647808182628
205	205	0.10918683395350584	0.0013927855318855	5.628585297695862E-7	4.6286856414327387E-7	7.345046716234189E-7	0.0017191310179093154	5.375302124668104E-7	2.218812449581165E-4	0.195695788315157	1.3801735893107612E-5	1.4384098721044399E-4	0.0019013262128195253	5.444968262573566E-7	0.10499917068363718	0.5847225980582197
206	206	0.44741116292406535	2.370699839894824E-6	7.686914714098554E-7	0.19441384569536257	1.0031072586192275E-6	0.002986970452488496	7.341007874883082E-7	8.711696768026052E-4	0.12611088097644776	1.0942908859172451E-6	1.1415608654900884E-6	3.995935101530562E-5	7.436150372014491E-7	0.22815715255064806	1.0023070238848672E-6
207	207	0.538269818049839	2.7643740699526326E-6	1.2511394371925066E-4	0.15630788968715156	1.1696814790485177E-6	6.699736325024155E-5	8.560042682394234E-7	1.3908036147852902E-6	0.025567813832973508	1.2760068985153903E-6	2.203406056397423E-5	0.014476540009520707	8.670984374629838E-7	0.26515430033585513	1.168748358746945E-6
208	208	0.4354408511509552	3.7750766364319707E-6	1.224055937200637E-6	1.0066064279332219E-6	0.009105272097955539	9.149274819846164E-5	1.1689741084035217E-6	1.8993052673696383E-6	0.4087319558680356	1.7425369029720388E-6	1.8178091042381316E-6	0.005180913853631959	1.184124496150142E-6	0.14143409972954094	1.5960628016777065E-6
209	209	0.23127533926821395	1.6270660339247452E-6	5.275707040812462E-7	6.136091662932634E-5	6.884556709444579E-7	5.02479278597481E-4	1.268924374404126E-5	8.186045969949634E-7	0.1378655851460616	7.51037099571559E-7	6.344249776753951E-4	0.5047716199135198	5.103601683289612E-7	0.12485870484140825	1.2873319876322518E-5
210	210	0.2704996242077339	0.001303653856064315	6.596773720175174E-4	5.865440252409199E-7	0.24561333289345658	0.006725324049573931	6.811547789866719E-7	0.005157500964368064	0.18399901026650517	1.0153666625183427E-6	0.007216716356252542	0.029130343295890624	6.899828265395861E-7	0.24969091367283425	9.300170098808936E-7
211	211	0.34080089555370585	6.36871873993171E-5	2.432546191090947E-6	2.000412364974515E-6	3.174361667802158E-6	0.0018111881852781253	2.3230829804919495E-6	3.774458056569755E-6	0.38441720165136745	3.462914869604737E-6	3.612502074666308E-6	0.022431913317808156	2.35319109637665E-6	0.2504488088058374	3.1718293020514666E-6
212	212	0.3222363496317743	2.0896261355989026E-6	6.775542655544587E-7	5.571889798929168E-7	8.841773678580496E-7	3.6953264518348403E-6	6.470647046432332E-7	1.0513264519915604E-6	0.19378895867758664	9.645501284809635E-7	1.0062157088646116E-6	8.217055833646684E-5	0.30005073981717795	0.1800421177813321	0.00378809050359789
213	213	0.42111038190030337	0.0039162455249684	6.300028492835257E-7	5.180849162460251E-7	8.221249416336343E-7	0.0035394044601329538	0.0011647065009040773	0.0010486719063865818	0.1001419017870817	8.968570638729988E-7	9.355985133674826E-7	0.03489769000944012	0.15158161194864445	0.28259476182476734	8.214690866105287E-7
